################################################################################
# HI-MaNGA: HI Followup for the MaNGA Survey
# Observed under code: ALFALFA
# Haynes et al. 2018
################################################################################
# Telescope:   Arecibo
# Beam Size FWHM [arcminutes]: 3.5 
# Object (MaNGA plate-ifu format): 11006-3704
# RA Dec (J2000): 12 59 37.4  +27 20 10
# Rest Frequency [MHz]:  1420.4058
# Central velocity [km/s]: 6972.6
# Integration time [seconds]: 48
# Date(s) of observations (UT): N/A
####################################################################################
# ASCII Table
# Generated by David V. Stark  Tue Jul 13 19:39:35 2021
# The spectrum is baselined and Hanning smoothed
# Columns are: Velocity of HI (km/s), Flux (Jy), Pre-baseline subtracted flux (Jy)
# Note that pre-baseline subtracted flux is not available for ALFALFA data (replaced
# by -9999
####################################################################################
# vHI,fHI,fBHI
       7956.7551  -0.00340898   -9999
       7951.3252  8.46130e-05   -9999
       7945.8955   0.00362172   -9999
       7940.4660   0.00541699   -9999
       7935.0366   0.00571375   -9999
       7929.6075   0.00304994   -9999
       7924.1785  0.000241607   -9999
       7918.7497  0.000402742   -9999
       7913.3212  0.000233182   -9999
       7907.8928 -2.34910e-05   -9999
       7902.4646  0.000969704   -9999
       7897.0366  7.99637e-05   -9999
       7891.6088  -0.00170974   -9999
       7886.1812 -0.000514166   -9999
       7880.7537   0.00246370   -9999
       7875.3265   0.00181034   -9999
       7869.8995  -0.00222004   -9999
       7864.4726  -0.00179208   -9999
       7859.0459  0.000880377   -9999
       7853.6195  0.000328748   -9999
       7848.1932  0.000115250   -9999
       7842.7671   0.00161301   -9999
       7837.3412   0.00190012   -9999
       7831.9155  0.000421290   -9999
       7826.4900  0.000308587   -9999
       7821.0647   0.00261933   -9999
       7815.6395   0.00201466   -9999
       7810.2146  0.000828861   -9999
       7804.7899   0.00202208   -9999
       7799.3653   0.00167196   -9999
       7793.9409  -0.00163529   -9999
       7788.5168  -0.00219909   -9999
       7783.0928   0.00305568   -9999
       7777.6690   0.00561235   -9999
       7772.2454   0.00249288   -9999
       7766.8220 -0.000377822   -9999
       7761.3988   0.00125939   -9999
       7755.9757   0.00437174   -9999
       7750.5529   0.00454428   -9999
       7745.1303   0.00292457   -9999
       7739.7078   0.00203913   -9999
       7734.2856   0.00247885   -9999
       7728.8635   0.00377235   -9999
       7723.4416   0.00344102   -9999
       7718.0199   0.00152248   -9999
       7712.5984   0.00144902   -9999
       7707.1771   0.00247389   -9999
       7701.7560   0.00280137   -9999
       7696.3351   0.00170059   -9999
       7690.9144   0.00166318   -9999
       7685.4938   0.00176468   -9999
       7680.0735  0.000170338   -9999
       7674.6533 -0.000694013   -9999
       7669.2333 -0.000158385   -9999
       7663.8136   0.00233476   -9999
       7658.3940   0.00394609   -9999
       7652.9746   0.00154341   -9999
       7647.5554  -0.00209172   -9999
       7642.1364  -0.00476650   -9999
       7636.7176  -0.00681530   -9999
       7631.2989  -0.00785900   -9999
       7625.8805  -0.00558741   -9999
       7620.4622  -0.00268620   -9999
       7615.0442  -0.00394011   -9999
       7609.6263  -0.00533911   -9999
       7604.2086  -0.00354319   -9999
       7598.7912  -0.00100804   -9999
       7593.3739  -0.00175712   -9999
       7587.9568  -0.00241784   -9999
       7582.5399 -0.000353238   -9999
       7577.1231  0.000959918   -9999
       7571.7066   0.00222474   -9999
       7566.2903   0.00229259   -9999
       7560.8741  0.000183309   -9999
       7555.4582 -0.000284040   -9999
       7550.0424  0.000147542   -9999
       7544.6268 -0.000577288   -9999
       7539.2114 -3.92650e-05   -9999
       7533.7962   0.00146111   -9999
       7528.3812  -0.00115568   -9999
       7522.9664  -0.00344206   -9999
       7517.5518  -0.00323625   -9999
       7512.1374  -0.00404567   -9999
       7506.7231  -0.00127835   -9999
       7501.3091   0.00168835   -9999
       7495.8952   0.00125769   -9999
       7490.4816   0.00169248   -9999
       7485.0681  0.000977281   -9999
       7479.6548  0.000365838   -9999
       7474.2417   0.00217905   -9999
       7468.8288   0.00237968   -9999
       7463.4161   0.00141551   -9999
       7458.0036   0.00143957   -9999
       7452.5913 -0.000160594   -9999
       7447.1791 -0.000141946   -9999
       7441.7672   0.00128880   -9999
       7436.3554  -0.00125141   -9999
       7430.9438  -0.00348960   -9999
       7425.5325  -0.00188868   -9999
       7420.1213 -0.000618193   -9999
       7414.7103  -0.00202387   -9999
       7409.2995  -0.00287672   -9999
       7403.8888  -0.00219156   -9999
       7398.4784  -0.00116673   -9999
       7393.0682 -0.000588820   -9999
       7387.6581  -0.00109828   -9999
       7382.2483 -0.000179544   -9999
       7376.8386  0.000434950   -9999
       7371.4292  -0.00150016   -9999
       7366.0199  -0.00207257   -9999
       7360.6108  -0.00264846   -9999
       7355.2019  -0.00475903   -9999
       7349.7932  -0.00395123   -9999
       7344.3847 -0.000465972   -9999
       7338.9763   0.00160451   -9999
       7333.5682   0.00144730   -9999
       7328.1602  0.000624796   -9999
       7322.7525 -0.000639263   -9999
       7317.3449 -0.000311175   -9999
       7311.9375   0.00134346   -9999
       7306.5303  0.000517746   -9999
       7301.1234  -0.00188438   -9999
       7295.7165  -0.00159275   -9999
       7290.3099  0.000447806   -9999
       7284.9035   0.00192229   -9999
       7279.4973  0.000367504   -9999
       7274.0912  -0.00409294   -9999
       7268.6854  -0.00482178   -9999
       7263.2797  -0.00126190   -9999
       7257.8742  0.000445189   -9999
       7252.4690 -0.000778273   -9999
       7247.0639 -0.000505401   -9999
       7241.6590  0.000861494   -9999
       7236.2542  -0.00128440   -9999
       7230.8497  -0.00290401   -9999
       7225.4454   0.00141276   -9999
       7220.0413   0.00400531   -9999
       7214.6373   0.00309169   -9999
       7209.2335   0.00490029   -9999
       7203.8300   0.00331596   -9999
       7198.4266  -0.00187808   -9999
       7193.0234  -0.00276448   -9999
       7187.6204  -0.00145413   -9999
       7182.2176  -0.00181910   -9999
       7176.8150 -0.000784143   -9999
       7171.4125   0.00250305   -9999
       7166.0103   0.00114208   -9999
       7160.6083  -0.00174458   -9999
       7155.2064 -0.000910475   -9999
       7149.8047  -0.00241797   -9999
       7144.4032  -0.00306629   -9999
       7139.0020 -1.18210e-05   -9999
       7133.6009  0.000888144   -9999
       7128.1999 -0.000611226   -9999
       7122.7992 -0.000727177   -9999
       7117.3987  0.000519942   -9999
       7111.9984  0.000955297   -9999
       7106.5982  0.000434425   -9999
       7101.1983  -0.00145010   -9999
       7095.7985  -0.00147819   -9999
       7090.3989  0.000233239   -9999
       7084.9995   0.00108339   -9999
       7079.6003   0.00205063   -9999
       7074.2013   0.00150823   -9999
       7068.8025 -0.000384646   -9999
       7063.4039  0.000358755   -9999
       7058.0054  0.000922501   -9999
       7052.6072  -0.00337752   -9999
       7047.2091  -0.00589613   -9999
       7041.8113  -0.00302129   -9999
       7036.4136  -0.00117603   -9999
       7031.0161  -0.00244057   -9999
       7025.6188  -0.00312587   -9999
       7020.2217  -0.00306525   -9999
       7014.8248  -0.00173522   -9999
       7009.4280  0.000878855   -9999
       7004.0315  0.000563117   -9999
       6998.6351  -0.00271294   -9999
       6993.2390  -0.00226890   -9999
       6987.8430  -0.00140696   -9999
       6982.4472 -0.000890247   -9999
       6977.0516   0.00184151   -9999
       6971.6562   0.00172656   -9999
       6966.2610  0.000608006   -9999
       6960.8660  0.000820308   -9999
       6955.4712  -0.00132607   -9999
       6950.0765  -0.00135717   -9999
       6944.6821   0.00143625   -9999
       6939.2878 -0.000478650   -9999
       6933.8938  -0.00235720   -9999
       6928.4999 -9.69478e-05   -9999
       6923.1062  0.000169535   -9999
       6917.7127 -0.000164799   -9999
       6912.3194   0.00141571   -9999
       6906.9262   0.00202307   -9999
       6901.5333 -2.09294e-05   -9999
       6896.1406  -0.00158400   -9999
       6890.7480  -0.00168331   -9999
       6885.3556  -0.00222303   -9999
       6879.9635 -0.000709755   -9999
       6874.5715  0.000799669   -9999
       6869.1797  -0.00106097   -9999
       6863.7881  -0.00392010   -9999
       6858.3967  -0.00376126   -9999
       6853.0054  -0.00221657   -9999
       6847.6144  -0.00232027   -9999
       6842.2235  -0.00193763   -9999
       6836.8329  -0.00122311   -9999
       6831.4424 -0.000574588   -9999
       6826.0521   0.00205687   -9999
       6820.6620   0.00287878   -9999
       6815.2721 -0.000984587   -9999
       6809.8824  -0.00120791   -9999
       6804.4929   0.00323928   -9999
       6799.1036   0.00459064   -9999
       6793.7144   0.00305812   -9999
       6788.3255   0.00195342   -9999
       6782.9367   0.00337290   -9999
       6777.5481   0.00343485   -9999
       6772.1598  -0.00180075   -9999
       6766.7716  -0.00468788   -9999
       6761.3836  -0.00340567   -9999
       6755.9957  -0.00113396   -9999
       6750.6081   0.00182361   -9999
       6745.2207   0.00336006   -9999
       6739.8334   0.00304895   -9999
       6734.4464  0.000743576   -9999
       6729.0595 -0.000756575   -9999
       6723.6728 -0.000279711   -9999
       6718.2863  0.000438625   -9999
       6712.9000   0.00130775   -9999
       6707.5139 -0.000613882   -9999
       6702.1280  -0.00494081   -9999
       6696.7423  -0.00543314   -9999
       6691.3567  -0.00189851   -9999
       6685.9713 -9.34178e-05   -9999
       6680.5862 -0.000694741   -9999
       6675.2012  -0.00135927   -9999
       6669.8164 -0.000948407   -9999
       6664.4318 -0.000505742   -9999
       6659.0474  3.55740e-05   -9999
       6653.6632  0.000811141   -9999
       6648.2792  0.000689962   -9999
       6642.8953  0.000684892   -9999
       6637.5117   0.00209055   -9999
       6632.1282   0.00328791   -9999
       6626.7449   0.00247985   -9999
       6621.3618   0.00195374   -9999
       6615.9789   0.00274512   -9999
       6610.5962   0.00124034   -9999
       6605.2137  -0.00158568   -9999
       6599.8314  -0.00243048   -9999
       6594.4492  -0.00316561   -9999
       6589.0673  -0.00522592   -9999
       6583.6855  -0.00460754   -9999
       6578.3040 -0.000891811   -9999
       6572.9226  8.48591e-05   -9999
       6567.5414  -0.00164857   -9999
       6562.1604  -0.00224002   -9999
       6556.7796  -0.00166125   -9999
       6551.3989 -3.29506e-05   -9999
       6546.0185   0.00158493   -9999
       6540.6382   0.00109715   -9999
       6535.2582  -0.00124613   -9999
       6529.8783  -0.00338943   -9999
       6524.4986  -0.00303994   -9999
       6519.1191  -0.00161535   -9999
       6513.7398  -0.00209384   -9999
       6508.3607  -0.00136876   -9999
       6502.9818  0.000508114   -9999
       6497.6031  0.000545136   -9999
       6492.2245  0.000732165   -9999
       6486.8461  5.20979e-05   -9999
       6481.4680  -0.00176898   -9999
       6476.0900  -0.00107166   -9999
       6470.7122   0.00126525   -9999
       6465.3346   0.00360511   -9999
       6459.9572   0.00338081   -9999
       6454.5800 -0.000364512   -9999
       6449.2029  -0.00212662   -9999
       6443.8261 -0.000595607   -9999
       6438.4494  -0.00156919   -9999
       6433.0729  -0.00364000   -9999
       6427.6967  -0.00302032   -9999
       6422.3206  -0.00210906   -9999
       6416.9447  0.000958365   -9999
       6411.5689   0.00356672   -9999
       6406.1934  0.000184894   -9999
       6400.8181  -0.00221884   -9999
       6395.4429   0.00146641   -9999
       6390.0680   0.00411077   -9999
       6384.6932   0.00183095   -9999
       6379.3186  -0.00161306   -9999
       6373.9442 -0.000777158   -9999
       6368.5700   0.00264524   -9999
       6363.1960   0.00223351   -9999
       6357.8222  0.000340850   -9999
       6352.4485  -0.00124949   -9999
       6347.0751 -0.000930216   -9999
       6341.7018  0.000844543   -9999
       6336.3287  0.000881206   -9999
       6330.9558   0.00186935   -9999
       6325.5831   0.00378727   -9999
       6320.2106   0.00435765   -9999
       6314.8383   0.00334868   -9999
       6309.4662   0.00171693   -9999
       6304.0942  0.000468408   -9999
       6298.7225  -0.00124243   -9999
       6293.3509  -0.00154253   -9999
       6287.9795  -0.00129764   -9999
       6282.6083 -0.000987956   -9999
       6277.2373  0.000255667   -9999
       6271.8665   0.00105298   -9999
       6266.4959   0.00350335   -9999
       6261.1255   0.00393004   -9999
       6255.7552 -0.000342940   -9999
       6250.3852  -0.00128980   -9999
       6245.0153  0.000270165   -9999
       6239.6456  0.000177025   -9999
       6234.2761  -0.00171530   -9999
       6228.9068  -0.00404320   -9999
       6223.5377  -0.00377615   -9999
       6218.1688  -0.00201073   -9999
       6212.8000 -0.000376853   -9999
       6207.4315   0.00269002   -9999
       6202.0631   0.00287663   -9999
       6196.6949  -0.00101839   -9999
       6191.3270  -0.00174368   -9999
       6185.9592 -0.000729494   -9999
       6180.5915  0.000153209   -9999
       6175.2241   0.00362219   -9999
       6169.8569   0.00615771   -9999
       6164.4898   0.00592129   -9999
       6159.1230   0.00495771   -9999
       6153.7563   0.00291055   -9999
       6148.3898  0.000910479   -9999
       6143.0236  0.000988284   -9999
       6137.6575   0.00119415   -9999
       6132.2915  -0.00143752   -9999
       6126.9258  -0.00448971   -9999
       6121.5603  -0.00475500   -9999
       6116.1949  -0.00324962   -9999
       6110.8298 -0.000818810   -9999
       6105.4648 -0.000425350   -9999
       6100.1000  -0.00198339   -9999
       6094.7354  -0.00126439   -9999
       6089.3710   0.00161134   -9999
       6084.0068   0.00180806   -9999
       6078.6427  0.000901342   -9999
       6073.2789   0.00110623   -9999
       6067.9152 -0.000859761   -9999
       6062.5518  -0.00294769   -9999
       6057.1885  -0.00195032   -9999
       6051.8254   0.00140951   -9999
       6046.4625   0.00330612   -9999
       6041.0998  0.000961338   -9999
       6035.7372  -0.00101994   -9999
       6030.3749  -0.00134092   -9999
       6025.0128  -0.00117241   -9999
       6019.6508  0.000871716   -9999
       6014.2890   0.00116997   -9999
       6008.9274 -0.000966387   -9999
       6003.5660  -0.00212676   -9999
       5998.2048  -0.00347461   -9999
       5992.8438  -0.00197806   -9999
       5987.4830   0.00165312   -9999
       5982.1223   0.00172341   -9999
       5976.7618   0.00117247   -9999
       5971.4016  0.000708414   -9999
       5966.0415  -0.00151875   -9999
       5960.6816  -0.00197842   -9999
       5955.3219  0.000662092   -9999
       5949.9624   0.00262607   -9999
       5944.6030   0.00324022   -9999
       5939.2439   0.00463981   -9999
       5933.8849   0.00440410   -9999
       5928.5262  0.000746533   -9999
       5923.1676  -0.00253007   -9999
       5917.8092  -0.00303037   -9999
       5912.4510  -0.00267524   -9999
       5907.0930  -0.00331943   -9999
       5901.7351  -0.00209927   -9999
       5896.3775  0.000327563   -9999
       5891.0200   0.00177751   -9999
       5885.6628   0.00470649   -9999
       5880.3057   0.00598885   -9999
       5874.9488   0.00366175   -9999
       5869.5921   0.00262021   -9999
       5864.2356   0.00464068   -9999
       5858.8792   0.00157849   -9999
       5853.5231  -0.00271196   -9999
       5848.1672 -0.000559156   -9999
       5842.8114   0.00219975   -9999
       5837.4558   0.00394717   -9999
       5832.1004   0.00496365   -9999
       5826.7452   0.00424837   -9999
       5821.3902   0.00299995   -9999
       5816.0354 -0.000836605   -9999
       5810.6807  -0.00301698   -9999
       5805.3263 -0.000690246   -9999
       5799.9720 -0.000493133   -9999
       5794.6180  -0.00166340   -9999
       5789.2641  -0.00141609   -9999
       5783.9104 -0.000415000   -9999
       5778.5569   0.00176829   -9999
       5773.2035   0.00278321   -9999
       5767.8504   0.00421486   -9999
       5762.4974   0.00289971   -9999
       5757.1447  -0.00204565   -9999
       5751.7921  -0.00307577   -9999
       5746.4397 -0.000489261   -9999
       5741.0875 -0.000140164   -9999
       5735.7355 -0.000496710   -9999
       5730.3837   0.00259922   -9999
       5725.0320   0.00342480   -9999
       5719.6806  0.000712837   -9999
       5714.3293 -0.000834430   -9999
       5708.9782  -0.00238602   -9999
       5703.6274  -0.00198336   -9999
       5698.2767 -2.69666e-05   -9999
       5692.9261  -0.00185043   -9999
       5687.5758  -0.00421216   -9999
       5682.2257 -0.000602769   -9999
       5676.8757   0.00410075   -9999
       5671.5260   0.00404137   -9999
       5666.1764 -0.000641597   -9999
       5660.8270  -0.00278225   -9999
       5655.4778 -0.000679524   -9999
       5650.1288 -0.000876381   -9999
       5644.7800  -0.00217950   -9999
       5639.4313  -0.00100078   -9999
       5634.0829  0.000472084   -9999
       5628.7346  0.000691951   -9999
       5623.3865  0.000169405   -9999
       5618.0386 -0.000723097   -9999
       5612.6909 -0.000137528   -9999
       5607.3434 -0.000329635   -9999
       5601.9961 -0.000167729   -9999
       5596.6490   0.00249144   -9999
       5591.3020   0.00202561   -9999
       5585.9552 -0.000148811   -9999
       5580.6087  -0.00309442   -9999
       5575.2623  -0.00537993   -9999
       5569.9161  -0.00196612   -9999
       5564.5700  -0.00106703   -9999
       5559.2242  -0.00434723   -9999
       5553.8786  -0.00533553   -9999
       5548.5331  -0.00450162   -9999
       5543.1878  -0.00100953   -9999
       5537.8428   0.00298760   -9999
       5532.4979   0.00461604   -9999
       5527.1532   0.00387429   -9999
       5521.8086   0.00277283   -9999
       5516.4643   0.00330218   -9999
       5511.1202   0.00174268   -9999
       5505.7762  -0.00125087   -9999
       5500.4324  8.11844e-05   -9999
       5495.0888  0.000675783   -9999
       5489.7454  -0.00285540   -9999
       5484.4022  -0.00263191   -9999
       5479.0592 -0.000960126   -9999
       5473.7164 -0.000443664   -9999
       5468.3737   0.00348635   -9999
       5463.0313   0.00608298   -9999
       5457.6890   0.00277819   -9999
       5452.3469  -0.00155628   -9999
       5447.0050 -0.000555468   -9999
       5441.6633   0.00199654   -9999
       5436.3218   0.00202518   -9999
       5430.9804  0.000464378   -9999
       5425.6393  -0.00100642   -9999
       5420.2983  -0.00116654   -9999
       5414.9575  -0.00152372   -9999
       5409.6169  -0.00173307   -9999
       5404.2765  -0.00100708   -9999
       5398.9363 -0.000153620   -9999
       5393.5963 -5.24767e-05   -9999
       5388.2564  -0.00259655   -9999
       5382.9168  -0.00505268   -9999
       5377.5773  -0.00150666   -9999
       5372.2380   0.00291909   -9999
       5366.8989   0.00213447   -9999
       5361.5600  0.000227699   -9999
       5356.2213   0.00166508   -9999
       5350.8827   0.00324019   -9999
       5345.5444   0.00406640   -9999
       5340.2062   0.00447928   -9999
       5334.8682   0.00225590   -9999
       5329.5304   0.00113156   -9999
       5324.1928   0.00101656   -9999
       5318.8554  -0.00112292   -9999
       5313.5182  -0.00130850   -9999
       5308.1811  0.000913613   -9999
       5302.8443   0.00135760   -9999
       5297.5076  0.000632299   -9999
       5292.1711  0.000786481   -9999
       5286.8348   0.00111826   -9999
       5281.4987  0.000650268   -9999
       5276.1628  -0.00230614   -9999
       5270.8271  -0.00760255   -9999
       5265.4915  -0.00859889   -9999
       5260.1562  -0.00433942   -9999
       5254.8210 -0.000656320   -9999
       5249.4860 -0.000692868   -9999
       5244.1512 -0.000126810   -9999
       5238.8166  0.000705715   -9999
       5233.4821 -0.000252883   -9999
       5228.1479   0.00182475   -9999
       5222.8138   0.00409351   -9999
       5217.4800   0.00368013   -9999
       5212.1463   0.00213459   -9999
       5206.8128  0.000506562   -9999
       5201.4795   0.00179248   -9999
       5196.1463   0.00240346   -9999
       5190.8134 -0.000508777   -9999
       5185.4806  -0.00105292   -9999
       5180.1481   0.00148195   -9999
       5174.8157   0.00155848   -9999
       5169.4835   0.00159816   -9999
       5164.1515   0.00294726   -9999
       5158.8197   0.00196139   -9999
       5153.4881  6.15752e-05   -9999
       5148.1566  -0.00312483   -9999
       5142.8253  -0.00544942   -9999
       5137.4943  -0.00456178   -9999
       5132.1634  -0.00312596   -9999
       5126.8327  -0.00109426   -9999
       5121.5022  0.000317074   -9999
       5116.1718  0.000215818   -9999
       5110.8417   0.00128847   -9999
       5105.5117   0.00306913   -9999
       5100.1820   0.00158003   -9999
       5094.8524   0.00116640   -9999
       5089.5230   0.00333602   -9999
       5084.1938   0.00156584   -9999
       5078.8648  0.000840451   -9999
       5073.5359   0.00239848   -9999
       5068.2073   0.00235301   -9999
       5062.8788   0.00283459   -9999
       5057.5505   0.00133037   -9999
       5052.2224  -0.00105224   -9999
       5046.8945  -0.00212804   -9999
       5041.5668  -0.00257741   -9999
       5036.2393  -0.00117913   -9999
       5030.9119  0.000755863   -9999
       5025.5848  0.000459511   -9999
       5020.2578 -0.000729970   -9999
       5014.9310  -0.00120727   -9999
       5009.6044  -0.00166122   -9999
       5004.2780  -0.00249021   -9999
       4998.9517  -0.00421646   -9999
       4993.6257  -0.00360789   -9999
       4988.2998   0.00142084   -9999
       4982.9742   0.00376373   -9999
       4977.6487  0.000964637   -9999
       4972.3234  -0.00249954   -9999
       4966.9983  -0.00115072   -9999
       4961.6733  0.000985250   -9999
       4956.3486   0.00133583   -9999
       4951.0240   0.00228479   -9999
       4945.6997   0.00104134   -9999
       4940.3755 -0.000654182   -9999
       4935.0515  -0.00122688   -9999
       4929.7277  -0.00136940   -9999
       4924.4041  5.54405e-05   -9999
       4919.0806   0.00204820   -9999
       4913.7574   0.00238694   -9999
       4908.4343  0.000495609   -9999
       4903.1114  -0.00113678   -9999
       4897.7887  -0.00101663   -9999
       4892.4662  -0.00199862   -9999
       4887.1439  -0.00285607   -9999
       4881.8218 -0.000704998   -9999
       4876.4998  0.000698180   -9999
       4871.1780   0.00185170   -9999
       4865.8565   0.00316907   -9999
       4860.5351   0.00264631   -9999
       4855.2139   0.00110398   -9999
       4849.8928 -0.000277588   -9999
       4844.5720  -0.00128561   -9999
       4839.2513 -0.000922709   -9999
       4833.9309  0.000182422   -9999
       4828.6106  0.000217850   -9999
       4823.2905  -0.00123627   -9999
       4817.9706  -0.00232289   -9999
       4812.6509 -0.000827840   -9999
       4807.3313  0.000593004   -9999
       4802.0120 -0.000711263   -9999
       4796.6928 -0.000858196   -9999
       4791.3738 -8.86378e-05   -9999
       4786.0551  -0.00127807   -9999
       4780.7364  -0.00341626   -9999
       4775.4180  -0.00128227   -9999
       4770.0998   0.00357070   -9999
       4764.7817   0.00302161   -9999
       4759.4639 -0.000697886   -9999
       4754.1462 -0.000730607   -9999
       4748.8287   0.00132048   -9999
       4743.5114   0.00217573   -9999
       4738.1943  0.000494249   -9999
       4732.8773  0.000261796   -9999
       4727.5606   0.00126737   -9999
       4722.2440   0.00125450   -9999
       4716.9277   0.00276524   -9999
       4711.6115  0.000821143   -9999
       4706.2955  -0.00223271   -9999
       4700.9796  0.000148961   -9999
       4695.6640   0.00126892   -9999
       4690.3485  0.000978786   -9999
       4685.0333   0.00243593   -9999
       4679.7182   0.00406832   -9999
       4674.4033   0.00311356   -9999
       4669.0886  -0.00187840   -9999
       4663.7741  -0.00559378   -9999
       4658.4597  -0.00287439   -9999
       4653.1456   0.00188138   -9999
       4647.8316   0.00163999   -9999
       4642.5178 -0.000752409   -9999
       4637.2042  5.57947e-06   -9999
       4631.8908   0.00444962   -9999
       4626.5776   0.00684718   -9999
       4621.2646   0.00295830   -9999
       4615.9517 -0.000939595   -9999
       4610.6391  -0.00227649   -9999
       4605.3266 -0.000661361   -9999
       4600.0143  0.000473492   -9999
       4594.7022 -0.000739124   -9999
       4589.3902 -0.000919203   -9999
       4584.0785  -0.00164133   -9999
       4578.7669 -0.000830563   -9999
       4573.4556   0.00219625   -9999
       4568.1444   0.00487645   -9999
       4562.8334   0.00442399   -9999
       4557.5226 -0.000201973   -9999
       4552.2119 -0.000794190   -9999
       4546.9015   0.00243330   -9999
       4541.5912   0.00436238   -9999
       4536.2812   0.00417929   -9999
       4530.9713   0.00207939   -9999
       4525.6616 -0.000249897   -9999
       4520.3521  -0.00373054   -9999
       4515.0427  -0.00616381   -9999
       4509.7336  -0.00404350   -9999
       4504.4246  -0.00173295   -9999
       4499.1159  -0.00273282   -9999
       4493.8073  -0.00450196   -9999
       4488.4989  -0.00376865   -9999
       4483.1906  -0.00297849   -9999
       4477.8826  -0.00298720   -9999
       4472.5748  -0.00148014   -9999
       4467.2671   0.00177801   -9999
       4461.9596   0.00386976   -9999
       4456.6523   0.00155650   -9999
       4451.3452  -0.00222046   -9999
       4446.0383  -0.00224502   -9999
       4440.7315 -0.000239661   -9999
       4435.4250   0.00286359   -9999
       4430.1186   0.00563783   -9999
       4424.8124   0.00291255   -9999
       4419.5064  5.07966e-06   -9999
       4414.2006 -0.000178236   -9999
       4408.8950 -0.000521232   -9999
       4403.5896  0.000334898   -9999
       4398.2843  0.000824441   -9999
       4392.9792 -0.000299397   -9999
       4387.6743  -0.00107948   -9999
       4382.3696  3.09832e-05   -9999
       4377.0651 -0.000936300   -9999
       4371.7608  -0.00318584   -9999
       4366.4566  -0.00231011   -9999
       4361.1527 -0.000345695   -9999
       4355.8489 -0.000415853   -9999
       4350.5453  -0.00165852   -9999
       4345.2419  0.000892861   -9999
       4339.9387   0.00529235   -9999
       4334.6356   0.00394226   -9999
       4329.3328 -0.000579002   -9999
       4324.0301  -0.00284600   -9999
       4318.7276  -0.00146830   -9999
       4313.4253  0.000162334   -9999
       4308.1232 -0.000453333   -9999
       4302.8213  -0.00126907   -9999
       4297.5195 -0.000791557   -9999
       4292.2180  0.000328270   -9999
       4286.9166 -0.000595585   -9999
       4281.6154  -0.00238533   -9999
       4276.3144  -0.00115407   -9999
       4271.0136   0.00109726   -9999
       4265.7130  0.000819935   -9999
       4260.4125 -0.000944571   -9999
       4255.1123  -0.00132154   -9999
       4249.8122  -0.00149475   -9999
       4244.5123  -0.00303429   -9999
       4239.2126  -0.00469571   -9999
       4233.9130  -0.00249782   -9999
       4228.6137   0.00162988   -9999
       4223.3145   0.00186105   -9999
       4218.0156   0.00223876   -9999
       4212.7168   0.00228847   -9999
       4207.4182  7.32628e-05   -9999
       4202.1198   0.00102100   -9999
       4196.8215   0.00191736   -9999
       4191.5235   0.00131154   -9999
       4186.2256   0.00126920   -9999
       4180.9279 -0.000210398   -9999
       4175.6304  -0.00188406   -9999
       4170.3331  -0.00130476   -9999
       4165.0360 -0.000861928   -9999
       4159.7391  -0.00105920   -9999
       4154.4423 -0.000611046   -9999
       4149.1457 -6.46439e-05   -9999
       4143.8494  -0.00101345   -9999
       4138.5532  -0.00273747   -9999
       4133.2571  -0.00215255   -9999
       4127.9613 -0.000187176   -9999
       4122.6657   0.00160922   -9999
       4117.3702   0.00347556   -9999
       4112.0749   0.00430950   -9999
       4106.7798   0.00283091   -9999
       4101.4849  -0.00113212   -9999
       4096.1902  -0.00443298   -9999
       4090.8956  -0.00452056   -9999
       4085.6013  -0.00456211   -9999
       4080.3071  -0.00514741   -9999
       4075.0131  -0.00326606   -9999
       4069.7193  0.000302698   -9999
       4064.4257   0.00152337   -9999
       4059.1323 -0.000764692   -9999
       4053.8390  -0.00165281   -9999
       4048.5460 -0.000844714   -9999
       4043.2531 -0.000566752   -9999
       4037.9604  -0.00135324   -9999
       4032.6679  -0.00292067   -9999
       4027.3755  -0.00205134   -9999
       4022.0834 -0.000373210   -9999
       4016.7914  -0.00122615   -9999
       4011.4997 -0.000633595   -9999
       4006.2081  0.000147056   -9999
       4000.9167   0.00142926   -9999
       3995.6254   0.00362330   -9999
       3990.3344   0.00140533   -9999
       3985.0436  -0.00142747   -9999
       3979.7529 -0.000631140   -9999
       3974.4624   0.00124388   -9999
       3969.1721   0.00137462   -9999
       3963.8820  0.000563729   -9999
       3958.5920  0.000303259   -9999
       3953.3023   0.00135158   -9999
       3948.0127   0.00146259   -9999
       3942.7234   0.00215990   -9999
       3937.4342   0.00465378   -9999
       3932.1452   0.00188727   -9999
       3926.8563 -0.000948176   -9999
       3921.5677   0.00121776   -9999
       3916.2792   0.00203909   -9999
       3910.9910   0.00192664   -9999
       3905.7029   0.00175098   -9999
       3900.4150   0.00153888   -9999
       3895.1272   0.00166150   -9999
       3889.8397  0.000763110   -9999
       3884.5523 -0.000321127   -9999
       3879.2652  -0.00326178   -9999
       3873.9782  -0.00471562   -9999
       3868.6914 -0.000591866   -9999
       3863.4048   0.00375022   -9999
       3858.1183   0.00372278   -9999
       3852.8321 -0.000334135   -9999
       3847.5460  -0.00251249   -9999
       3842.2601  -0.00140140   -9999
       3836.9744 -0.000683442   -9999
       3831.6889  0.000898640   -9999
       3826.4036  0.000202971   -9999
       3821.1185  0.000807809   -9999
       3815.8335   0.00425788   -9999
       3810.5487   0.00341406   -9999
       3805.2641  0.000888218   -9999
       3799.9797   0.00133303   -9999
       3794.6955  0.000681458   -9999
       3789.4115  -0.00143674   -9999
       3784.1276 -0.000998409   -9999
       3778.8439  -0.00170962   -9999
       3773.5604  -0.00439795   -9999
       3768.2771  -0.00303666   -9999
       3762.9940  -0.00100690   -9999
       3757.7111  -0.00273402   -9999
       3752.4283  -0.00226017   -9999
       3747.1458  0.000132532   -9999
       3741.8634  -0.00199457   -9999
       3736.5812  -0.00386509   -9999
       3731.2991  -0.00411726   -9999
       3726.0173  -0.00529261   -9999
       3720.7357  -0.00381573   -9999
       3715.4542  -0.00146260   -9999
       3710.1729  -0.00165219   -9999
       3704.8918 -0.000439692   -9999
       3699.6109  0.000117490   -9999
       3694.3302 -0.000489088   -9999
       3689.0496   0.00186750   -9999
       3683.7693   0.00439177   -9999
       3678.4891   0.00297229   -9999
       3673.2091  -0.00255201   -9999
       3667.9293  -0.00549273   -9999
       3662.6496  -0.00255300   -9999
       3657.3702  0.000466272   -9999
       3652.0909   0.00136138   -9999
       3646.8119  0.000259822   -9999
       3641.5330 -0.000969852   -9999
       3636.2542  0.000750459   -9999
       3630.9757   0.00271264   -9999
       3625.6974   0.00196553   -9999
       3620.4192  0.000197460   -9999
       3615.1412 -0.000386518   -9999
       3609.8635  -0.00115332   -9999
       3604.5858  -0.00416766   -9999
       3599.3084  -0.00514116   -9999
       3594.0312  -0.00216743   -9999
       3588.7541  0.000322037   -9999
       3583.4772  0.000750803   -9999
       3578.2006  0.000788717   -9999
       3572.9240  0.000104745   -9999
       3567.6477  -0.00104324   -9999
       3562.3716  0.000683135   -9999
       3557.0956   0.00528174   -9999
       3551.8199   0.00587865   -9999
       3546.5443   0.00261930   -9999
       3541.2689   0.00101341   -9999
       3535.9936 -0.000251705   -9999
       3530.7186  -0.00171160   -9999
       3525.4437 -0.000333983   -9999
       3520.1691  0.000336268   -9999
       3514.8946 -0.000508379   -9999
       3509.6203   0.00122930   -9999
       3504.3462   0.00354626   -9999
       3499.0722   0.00128937   -9999
       3493.7985  0.000755932   -9999
       3488.5249   0.00232280   -9999
       3483.2515   0.00184280   -9999
       3477.9783   0.00143699   -9999
       3472.7053  0.000119882   -9999
       3467.4324 -0.000580387   -9999
       3462.1598  -0.00175273   -9999
       3456.8873  -0.00404652   -9999
       3451.6150  -0.00484583   -9999
       3446.3429  -0.00497731   -9999
       3441.0710  -0.00356586   -9999
       3435.7993  -0.00186065   -9999
       3430.5277 -0.000998352   -9999
       3425.2563 -0.000996193   -9999
       3419.9851   0.00204702   -9999
       3414.7141   0.00359654   -9999
       3409.4433 -0.000830472   -9999
       3404.1727  -0.00474059   -9999
       3398.9022  -0.00305576   -9999
       3393.6319  0.000382743   -9999
       3388.3619  0.000656319   -9999
       3383.0920  -0.00153734   -9999
       3377.8222  -0.00245664   -9999
       3372.5527  -0.00154623   -9999
       3367.2833 -0.000665078   -9999
       3362.0142  0.000837637   -9999
       3356.7452   0.00239524   -9999
       3351.4764   0.00237702   -9999
       3346.2077  0.000230079   -9999
       3340.9393  0.000145691   -9999
       3335.6710   0.00201130   -9999
       3330.4030   0.00357196   -9999
       3325.1351   0.00385982   -9999
       3319.8674  8.82190e-05   -9999
       3314.5998   0.00110148   -9999
       3309.3325   0.00101066   -9999
       3304.0653  -0.00185931   -9999
       3298.7984  -0.00381528   -9999
       3293.5316  -0.00473420   -9999
       3288.2650  -0.00174620   -9999
       3282.9985 -0.000515372   -9999
       3277.7323  -0.00344150   -9999
       3272.4662  -0.00302634   -9999
       3267.2004 -0.000929660   -9999
       3261.9347  -0.00184118   -9999
       3256.6692  -0.00328909   -9999
       3251.4038  -0.00388434   -9999
       3246.1387  -0.00426371   -9999
       3240.8737  -0.00228190   -9999
       3235.6089 -0.000831541   -9999
       3230.3443  -0.00122414   -9999
       3225.0799 -9.07929e-05   -9999
       3219.8157 -4.70840e-05   -9999
       3214.5517  -0.00239824   -9999
       3209.2878  -0.00326803   -9999
       3204.0241  -0.00216400   -9999
       3198.7606 -0.000452727   -9999
       3193.4973  -0.00123299   -9999
       3188.2342  -0.00541285   -9999
       3182.9712  -0.00512531   -9999
       3177.7084  0.000954406   -9999
       3172.4459   0.00297780   -9999
       3167.1835   0.00142224   -9999
       3161.9212  3.68370e-05   -9999
       3156.6592 -0.000667195   -9999
       3151.3973  0.000375879   -9999
       3146.1357  0.000444013   -9999
       3140.8742 -0.000814216   -9999
       3135.6129   0.00149556   -9999
       3130.3518   0.00261249   -9999
       3125.0908  0.000593249   -9999
       3119.8301   0.00299303   -9999
       3114.5695   0.00544741   -9999
       3109.3091   0.00205585   -9999
       3104.0489  -0.00136348   -9999
       3098.7889  -0.00349571   -9999
       3093.5290  -0.00607829   -9999
       3088.2693  -0.00694040   -9999
       3083.0099  -0.00420885   -9999
       3077.7506  -0.00273512   -9999
       3072.4915  -0.00234956   -9999
       3067.2325  2.38784e-06   -9999
       3061.9738  0.000342513   -9999
       3056.7152 -0.000344061   -9999
       3051.4568 -0.000957614   -9999
       3046.1986  -0.00173819   -9999
       3040.9406  0.000118976   -9999
       3035.6828   0.00157586   -9999
       3030.4251 -0.000477851   -9999
       3025.1677  -0.00220977   -9999
       3019.9104 -4.05211e-05   -9999
       3014.6533   0.00251702   -9999
       3009.3963   0.00157219   -9999
       3004.1396  6.64744e-05   -9999
       2998.8831  0.000239342   -9999
       2993.6267   0.00266470   -9999
       2988.3705   0.00674082   -9999
       2983.1145   0.00585313   -9999
       2977.8586   0.00155532   -9999
       2972.6030  0.000249152   -9999
       2967.3475  0.000792716   -9999
       2962.0923  0.000393377   -9999
       2956.8372 -0.000622884   -9999
       2951.5822  -0.00113647   -9999
       2946.3275  0.000618470   -9999
       2941.0730  0.000214123   -9999
       2935.8186  -0.00143079   -9999
       2930.5644 -0.000212802   -9999
       2925.3104  0.000559269   -9999
       2920.0566   0.00165728   -9999
       2914.8030   0.00352701   -9999
       2909.5495   0.00386604   -9999
       2904.2962   0.00426655   -9999
       2899.0431   0.00232035   -9999
       2893.7902  -0.00139727   -9999
       2888.5375  -0.00166414   -9999
       2883.2850  -0.00134928   -9999
       2878.0326  -0.00288014   -9999
       2872.7804  -0.00382253   -9999
       2867.5284  -0.00189888   -9999
       2862.2766   0.00101075   -9999
       2857.0250  0.000601998   -9999
       2851.7735  -0.00183057   -9999
       2846.5222  -0.00252689   -9999
       2841.2712  0.000343853   -9999
       2836.0203 -6.38690e-05   -9999
       2830.7695  -0.00143425   -9999
       2825.5190   0.00115819   -9999
       2820.2686   0.00131141   -9999
       2815.0185  -0.00190674   -9999
       2809.7685  -0.00201368   -9999
       2804.5187   0.00191600   -9999
       2799.2690   0.00379441   -9999
       2794.0196   0.00147038   -9999
       2788.7703  -0.00176698   -9999
       2783.5212  -0.00334014   -9999
       2778.2723  -0.00241317   -9999
       2773.0236  -0.00106978   -9999
       2767.7751  -0.00189134   -9999
       2762.5267  -0.00396006   -9999
       2757.2786  -0.00136260   -9999
       2752.0306   0.00451629   -9999
       2746.7828   0.00559665   -9999
       2741.5351   0.00147733   -9999
       2736.2877  -0.00329222   -9999
       2731.0404  -0.00483423   -9999
       2725.7934  -0.00341168   -9999
       2720.5465  2.20191e-06   -9999
       2715.2997   0.00341875   -9999
       2710.0532   0.00286527   -9999
       2704.8069   0.00159203   -9999
       2699.5607   0.00185665   -9999
       2694.3147   0.00270676   -9999
       2689.0689   0.00302848   -9999
       2683.8233   0.00129174   -9999
       2678.5778  0.000591883   -9999
       2673.3326   0.00103186   -9999
       2668.0875 -0.000730640   -9999
       2662.8426 -0.000715722   -9999
       2657.5979 -0.000257319   -9999
       2652.3533 -0.000387641   -9999
       2647.1090   0.00227839   -9999
       2641.8648   0.00471528   -9999
       2636.6208   0.00316470   -9999
       2631.3770 -0.000941769   -9999
       2626.1334  -0.00412190   -9999
       2620.8900  -0.00218325   -9999
       2615.6467   0.00172929   -9999
       2610.4036 -0.000751776   -9999
       2605.1607  -0.00370447   -9999
       2599.9180 -0.000498091   -9999
       2594.6755 -0.000319075   -9999
       2589.4331  -0.00223682   -9999
       2584.1910  0.000839432   -9999
       2578.9490   0.00442180   -9999
       2573.7072   0.00289022   -9999
       2568.4656 -0.000562394   -9999
       2563.2241  0.000831592   -9999
       2557.9829   0.00397145   -9999
       2552.7418   0.00400519   -9999
       2547.5009   0.00294026   -9999
       2542.2602   0.00113960   -9999
       2537.0196   0.00156049   -9999
       2531.7793   0.00211738   -9999
       2526.5391 -0.000514619   -9999
       2521.2991  -0.00189230   -9999
       2516.0593 -0.000536731   -9999
       2510.8197 -0.000342813   -9999
       2505.5803  -0.00161060   -9999
       2500.3410  -0.00130616   -9999
